1,Tiến,20/10/1996
2,Bia,20/3/2000
3,Tuấn,10/3/1900
1,Tiến,20/10/1996
2,Bia,20/3/2000
3,Tuấn,10/3/1900
